1465.6110771 443.3448768
1092.5284464 557.1499233
1312.2216666 734.2899522
940.128645 1201.3854474
1619.9900967 1086.5907918
1158.8322561 1048.985646
1158.8322561 444.3344859
1531.9148868 884.7105354
1378.5254763 897.5754537
1290.4502664 545.2746141
1203.3646656 1074.7154826
1334.9826759 1200.3958383
1137.0608559 910.440372
1245.9178569 418.6046493
895.5962355 848.0949987
917.3676357 936.1702086
1377.5358672 594.7550691
1202.3750565 620.4849057
1510.1434866 670.9549698
1158.8322561 469.0747134
1465.6110771 594.7550691
1641.7614969 746.1652614
1181.5932654 1364.6709489
1356.7540761 1061.8505643
1334.9826759 1125.1855467
1202.3750565 696.6848064
1224.1464567 734.2899522
961.9000452 1138.050465
1378.5254763 973.7753544
1005.4428456 759.0301797
1333.9930668 721.4250339
1488.3720864 884.7105354
961.9000452 1061.8505643
940.128645 1175.6556108
1027.2142458 570.0148416
961.9000452 1213.2607566
1465.6110771 695.6951973
1466.6006862 1125.1855467
1334.9826759 1074.7154826
1422.0682767 645.2251332
1268.6788662 1061.8505643
939.1390359 1125.1855467
1422.0682767 1226.1256749
829.2924258 784.7600163
1487.3824773 532.4096958
895.5962355 595.7446782
1070.7570462 519.5447775
1531.9148868 809.5002438
1245.9178569 545.2746141
1313.2112757 1213.2607566
1180.6036563 633.349824
960.9104361 582.8797599
1312.2216666 683.8198881
1312.2216666 784.7600163
1225.1360658 1289.4606573
1422.0682767 923.3052903
1027.2142458 1200.3958383
1312.2216666 405.739731
1224.1464567 582.8797599
1137.0608559 1188.5205291
1377.5358672 544.285005
1048.985646 835.2300804
1443.8396769 1036.1207277
1290.4502664 998.5155819
1619.9900967 935.1805995
1246.907466 998.5155819
1158.8322561 1250.8659024
1137.0608559 1263.7308207
873.8248353 1112.3206284
1246.907466 1149.9257742
807.5210256 670.9549698
1137.0608559 1162.7906925
1092.5284464 456.2097951
960.9104361 608.6095965
1422.0682767 594.7550691
1137.0608559 1339.9307214
1487.3824773 405.739731
852.0534351 1100.4453192
1312.2216666 809.5002438
1312.2216666 506.6798592
1290.4502664 695.6951973
1378.5254763 923.3052903
1093.5180555 986.6402727
1070.7570462 670.9549698
1158.8322561 1226.1256749
1290.4502664 973.7753544
1333.9930668 822.3651621
1400.2968765 1187.53092
829.2924258 885.7001445
1225.1360658 1162.7906925
1005.4428456 910.440372
1092.5284464 734.2899522
830.2820349 1289.4606573
982.6818363 670.9549698
1509.1538775 570.0148416
1422.0682767 1024.2454185
1092.5284464 809.5002438
1443.8396769 884.7105354
1400.2968765 708.5601156
1225.1360658 1263.7308207
1510.1434866 1048.985646
961.9000452 1364.6709489
1290.4502664 1200.3958383
1465.6110771 392.8748127
1510.1434866 695.6951973
1268.6788662 582.8797599
872.8352262 582.8797599
1180.6036563 431.4695676
1267.6892571 431.4695676
982.6818363 747.1548705
1553.686287 796.6353255
895.5962355 973.7753544
1115.2894557 1099.4557101
1246.907466 948.0455178
1070.7570462 595.7446782
917.3676357 986.6402727
1510.1434866 1149.9257742
1422.0682767 1200.3958383
1312.2216666 960.9104361
1333.9930668 897.5754537
1246.907466 1175.6556108
1202.3750565 519.5447775
895.5962355 1049.9752551
1070.7570462 1074.7154826
1027.2142458 696.6848064
1488.3720864 759.0301797
1488.3720864 910.440372
1465.6110771 721.4250339
1202.3750565 418.6046493
1422.0682767 1074.7154826
1225.1360658 1087.5804009
1245.9178569 494.80455
961.9000452 1188.5205291
1093.5180555 1188.5205291
961.9000452 1087.5804009
1203.3646656 1250.8659024
830.2820349 1188.5205291
895.5962355 898.5650628
829.2924258 1012.3701093
1444.829286 1187.53092
961.9000452 1339.9307214
1005.4428456 859.9703079
1181.5932654 1339.9307214
1290.4502664 1226.1256749
1093.5180555 1112.3206284
807.5210256 822.3651621
1005.4428456 1314.2008848
1092.5284464 759.0301797
1224.1464567 557.1499233
1246.907466 1024.2454185
1070.7570462 418.6046493
1333.9930668 620.4849057
1553.686287 771.895098
1443.8396769 633.349824
1048.985646 431.4695676
873.8248353 760.0197888
1048.985646 683.8198881
1181.5932654 1238.9905932
1576.4472963 1112.3206284
1443.8396769 506.6798592
960.9104361 885.7001445
1488.3720864 1112.3206284
1071.7466553 1377.5358672
1400.2968765 456.2097951
851.063826 646.2147423
1576.4472963 1061.8505643
1400.2968765 935.1805995
1333.9930668 444.3344859
1092.5284464 532.4096958
1510.1434866 822.3651621
1267.6892571 481.9396317
1290.4502664 670.9549698
1422.0682767 897.5754537
1619.9900967 1036.1207277
1158.8322561 1099.4557101
1510.1434866 620.4849057
1005.4428456 1162.7906925
1070.7570462 771.895098
1355.764467 557.1499233
1070.7570462 494.80455
1510.1434866 1024.2454185
1115.2894557 1276.595739
1115.2894557 771.895098
1334.9826759 1024.2454185
1224.1464567 405.739731
1465.6110771 822.3651621
1158.8322561 519.5447775
1465.6110771 418.6046493
1268.6788662 734.2899522
1378.5254763 872.8352262
1136.0712468 456.2097951
939.1390359 1024.2454185
830.2820349 1314.2008848
895.5962355 999.505191
939.1390359 595.7446782
1180.6036563 456.2097951
1070.7570462 1049.9752551
1443.8396769 532.4096958
1443.8396769 859.9703079
1070.7570462 797.6249346
1225.1360658 1338.9411123
1005.4428456 1339.9307214
1202.3750565 494.80455
1290.4502664 570.0148416
1355.764467 582.8797599
1137.0608559 859.9703079
940.128645 1302.3255756
1158.8322561 822.3651621
895.5962355 1302.3255756
1180.6036563 734.2899522
1071.7466553 1327.0658031
1048.985646 759.0301797
1290.4502664 519.5447775
829.2924258 835.2300804
1115.2894557 1024.2454185
1598.2186965 998.5155819
1444.829286 1137.0608559
1202.3750565 595.7446782
1202.3750565 973.7753544
917.3676357 835.2300804
1004.4532365 558.1395324
940.128645 1226.1256749
1268.6788662 1112.3206284
1180.6036563 859.9703079
1202.3750565 998.5155819
1510.1434866 1175.6556108
1400.2968765 1112.3206284
939.1390359 570.0148416
1443.8396769 1011.3805002
1048.985646 1188.5205291
1400.2968765 481.9396317
1378.5254763 1175.6556108
895.5962355 771.895098
1114.2998466 620.4849057
1070.7570462 923.3052903
1443.8396769 1061.8505643
1356.7540761 1137.0608559
939.1390359 973.7753544
1137.0608559 708.5601156
1290.4502664 1175.6556108
852.0534351 898.5650628
1245.9178569 620.4849057
895.5962355 1024.2454185
1509.1538775 443.3448768
1180.6036563 658.0900515
1137.0608559 734.2899522
1027.2142458 949.0351269
1114.2998466 545.2746141
1268.6788662 859.9703079
1048.985646 784.7600163
1137.0608559 809.5002438
1158.8322561 797.6249346
1115.2894557 998.5155819
1312.2216666 1162.7906925
1378.5254763 1048.985646
1510.1434866 1074.7154826
742.206825 1163.7803016
1312.2216666 582.8797599
1225.1360658 1314.2008848
1137.0608559 835.2300804
1115.2894557 1351.8060306
852.0534351 1150.9153833
939.1390359 1100.4453192
1488.3720864 1162.7906925
961.9000452 1037.1103368
1510.1434866 594.7550691
1158.8322561 1351.8060306
1158.8322561 1276.595739
1619.9900967 1011.3805002
1180.6036563 481.9396317
1203.3646656 1099.4557101
1597.2290874 796.6353255
1115.2894557 949.0351269
1048.985646 582.8797599
983.6714454 1100.4453192
1465.6110771 670.9549698
1400.2968765 1061.8505643
1180.6036563 960.9104361
851.063826 822.3651621
939.1390359 747.1548705
829.2924258 683.8198881
1378.5254763 645.2251332
1333.9930668 594.7550691
1048.985646 1263.7308207
1202.3750565 796.6353255
829.2924258 709.5497247
1400.2968765 582.8797599
1136.0712468 506.6798592
1158.8322561 872.8352262
1465.6110771 897.5754537
1180.6036563 1138.050465
1158.8322561 1327.0658031
873.8248353 683.8198881
1356.7540761 1112.3206284
1048.985646 1061.8505643
742.206825 1138.050465
1355.764467 708.5601156
807.5210256 1024.2454185
983.6714454 999.505191
1092.5284464 835.2300804
895.5962355 1327.0658031
852.0534351 949.0351269
1531.9148868 960.9104361
1203.3646656 1125.1855467
1487.3824773 683.8198881
1422.0682767 1149.9257742
1005.4428456 1011.3805002
1487.3824773 481.9396317
1333.9930668 695.6951973
1400.2968765 1213.2607566
1267.6892571 405.739731
1333.9930668 670.9549698
1202.3750565 570.0148416
895.5962355 570.0148416
851.063826 747.1548705
1245.9178569 670.9549698
983.6714454 1226.1256749
939.1390359 848.0949987
1027.2142458 923.3052903
1400.2968765 658.0900515
1225.1360658 1138.050465
1597.2290874 847.1053896
917.3676357 810.4898529
1333.9930668 847.1053896
1268.6788662 835.2300804
1290.4502664 923.3052903
742.206825 1087.5804009
1356.7540761 809.5002438
1377.5358672 418.6046493
1333.9930668 746.1652614
895.5962355 949.0351269
1224.1464567 481.9396317
872.8352262 558.1395324
1137.0608559 960.9104361
1027.2142458 747.1548705
1400.2968765 557.1499233
1246.907466 1125.1855467
1224.1464567 431.4695676
1093.5180555 1037.1103368
807.5210256 848.0949987
1444.829286 1112.3206284
1510.1434866 897.5754537
982.6818363 595.7446782
1027.2142458 999.505191
960.9104361 809.5002438
1355.764467 734.2899522
1158.8322561 595.7446782
1115.2894557 898.5650628
1224.1464567 506.6798592
1093.5180555 936.1702086
1466.6006862 1200.3958383
1114.2998466 469.0747134
1158.8322561 1125.1855467
742.206825 1037.1103368
1246.907466 1276.595739
1268.6788662 809.5002438
1641.7614969 721.4250339
851.063826 670.9549698
1312.2216666 859.9703079
895.5962355 1100.4453192
917.3676357 734.2899522
983.6714454 822.3651621
1027.2142458 822.3651621
1312.2216666 708.5601156
983.6714454 1150.9153833
1202.3750565 545.2746141
1312.2216666 658.0900515
983.6714454 1024.2454185
1466.6006862 948.0455178
1268.6788662 986.6402727
939.1390359 872.8352262
873.8248353 734.2899522
895.5962355 696.6848064
1378.5254763 1099.4557101
917.3676357 1314.2008848
1114.2998466 646.2147423
1487.3824773 708.5601156
1027.2142458 620.4849057
1093.5180555 1238.9905932
1246.907466 1048.985646
1598.2186965 923.3052903
1333.9930668 418.6046493
1048.985646 557.1499233
1422.0682767 695.6951973
1487.3824773 506.6798592
851.063826 696.6848064
1070.7570462 444.3344859
1268.6788662 910.440372
1136.0712468 431.4695676
1246.907466 1099.4557101
1355.764467 532.4096958
961.9000452 1162.7906925
1400.2968765 1036.1207277
1290.4502664 771.895098
1158.8322561 998.5155819
1202.3750565 646.2147423
1443.8396769 910.440372
873.8248353 1162.7906925
961.9000452 1289.4606573
1004.4532365 608.6095965
1400.2968765 734.2899522
895.5962355 1175.6556108
1333.9930668 544.285005
1224.1464567 658.0900515
1093.5180555 1061.8505643
1290.4502664 620.4849057
961.9000452 1314.2008848
1378.5254763 771.895098
1531.9148868 859.9703079
807.5210256 1074.7154826
895.5962355 620.4849057
1422.0682767 948.0455178
1071.7466553 1276.595739
1312.2216666 532.4096958
917.3676357 659.0796606
1333.9930668 973.7753544
983.6714454 1276.595739
1158.8322561 973.7753544
807.5210256 747.1548705
1466.6006862 1074.7154826
982.6818363 721.4250339
807.5210256 1049.9752551
961.9000452 986.6402727
1510.1434866 796.6353255
1443.8396769 834.2404713
1070.7570462 620.4849057
1246.907466 822.3651621
895.5962355 646.2147423
960.9104361 734.2899522
1115.2894557 973.7753544
807.5210256 1125.1855467
807.5210256 1100.4453192
1005.4428456 1188.5205291
1158.8322561 646.2147423
1377.5358672 570.0148416
983.6714454 1377.5358672
1048.985646 809.5002438
1005.4428456 835.2300804
1619.9900967 708.5601156
1180.6036563 506.6798592
1400.2968765 985.6506636
1422.0682767 1125.1855467
1027.2142458 1301.3359665
1048.985646 1037.1103368
1026.2246367 418.6046493
1465.6110771 847.1053896
1027.2142458 1250.8659024
1115.2894557 1125.1855467
1070.7570462 545.2746141
1466.6006862 1226.1256749
1312.2216666 456.2097951
1400.2968765 506.6798592
1268.6788662 885.7001445
1005.4428456 809.5002438
1005.4428456 960.9104361
895.5962355 670.9549698
1465.6110771 746.1652614
1619.9900967 859.9703079
1092.5284464 582.8797599
852.0534351 1276.595739
1443.8396769 809.5002438
1202.3750565 771.895098
1356.7540761 960.9104361
1027.2142458 1049.9752551
829.2924258 633.349824
1488.3720864 1213.2607566
1312.2216666 1037.1103368
939.1390359 949.0351269
1641.7614969 822.3651621
1158.8322561 1024.2454185
873.8248353 911.4299811
1070.7570462 898.5650628
873.8248353 1289.4606573
1115.2894557 1250.8659024
742.206825 1214.2503657
1553.686287 847.1053896
1092.5284464 658.0900515
1246.907466 695.6951973
873.8248353 885.7001445
1202.3750565 847.1053896
1355.764467 481.9396317
1400.2968765 1162.7906925
1048.985646 910.440372
1048.985646 1138.050465
1027.2142458 595.7446782
1115.2894557 1175.6556108
1619.9900967 733.3003431
1487.3824773 633.349824
1598.2186965 973.7753544
1224.1464567 456.2097951
1422.0682767 1175.6556108
1137.0608559 1138.050465
1597.2290874 771.895098
1575.4576872 1036.1207277
917.3676357 709.5497247
939.1390359 822.3651621
1378.5254763 721.4250339
960.9104361 659.0796606
1137.0608559 986.6402727
1510.1434866 645.2251332
742.206825 1263.7308207
982.6818363 646.2147423
1268.6788662 658.0900515
1137.0608559 1112.3206284
1443.8396769 708.5601156
939.1390359 923.3052903
1333.9930668 519.5447775
1487.3824773 733.3003431
1093.5180555 1138.050465
917.3676357 1037.1103368
1443.8396769 1086.5907918
983.6714454 1074.7154826
917.3676357 683.8198881
1334.9826759 1048.985646
742.206825 1062.8401734
1531.9148868 682.830279
939.1390359 1074.7154826
830.2820349 1037.1103368
1158.8322561 418.6046493
1312.2216666 986.6402727
961.9000452 1238.9905932
1048.985646 532.4096958
1268.6788662 532.4096958
1488.3720864 1187.53092
1290.4502664 494.80455
1114.2998466 696.6848064
1531.9148868 834.2404713
807.5210256 949.0351269
1488.3720864 1011.3805002
1509.1538775 544.285005
1071.7466553 1226.1256749
1400.2968765 532.4096958
1487.3824773 431.4695676
1114.2998466 418.6046493
1225.1360658 1061.8505643
873.8248353 1087.5804009
1422.0682767 469.0747134
873.8248353 986.6402727
1531.9148868 708.5601156
1356.7540761 936.1702086
1202.3750565 872.8352262
1268.6788662 1162.7906925
1356.7540761 1086.5907918
1048.985646 986.6402727
1245.9178569 646.2147423
1334.9826759 1149.9257742
807.5210256 872.8352262
1246.907466 897.5754537
1224.1464567 532.4096958
983.6714454 1327.0658031
1356.7540761 910.440372
1005.4428456 1263.7308207
1137.0608559 582.8797599
1115.2894557 1200.3958383
1093.5180555 1314.2008848
1181.5932654 1314.2008848
1027.2142458 848.0949987
1400.2968765 784.7600163
1093.5180555 1087.5804009
1225.1360658 936.1702086
851.063826 771.895098
1466.6006862 1175.6556108
1355.764467 431.4695676
960.9104361 960.9104361
1400.2968765 835.2300804
1027.2142458 771.895098
1180.6036563 557.1499233
1290.4502664 796.6353255
1027.2142458 1377.5358672
1114.2998466 519.5447775
1158.8322561 897.5754537
1510.1434866 923.3052903
1268.6788662 1037.1103368
1005.4428456 1213.2607566
1290.4502664 1125.1855467
1071.7466553 1301.3359665
1137.0608559 1011.3805002
1356.7540761 1036.1207277
873.8248353 709.5497247
1531.9148868 759.0301797
1049.9752551 1364.6709489
1487.3824773 456.2097951
1158.8322561 848.0949987
1488.3720864 859.9703079
1400.2968765 885.7001445
829.2924258 860.959917
1115.2894557 872.8352262
1422.0682767 1099.4557101
1466.6006862 1048.985646
852.0534351 1302.3255756
1465.6110771 570.0148416
1598.2186965 1073.7258735
1510.1434866 973.7753544
917.3676357 960.9104361
1377.5358672 469.0747134
1619.9900967 960.9104361
1312.2216666 936.1702086
983.6714454 1351.8060306
1027.2142458 797.6249346
960.9104361 784.7600163
1093.5180555 1364.6709489
1487.3824773 658.0900515
1093.5180555 1011.3805002
1115.2894557 1226.1256749
917.3676357 1061.8505643
1202.3750565 897.5754537
830.2820349 1112.3206284
1137.0608559 784.7600163
1093.5180555 1289.4606573
1598.2186965 1099.4557101
1312.2216666 835.2300804
851.063826 797.6249346
1355.764467 456.2097951
1048.985646 859.9703079
1312.2216666 1087.5804009
1356.7540761 885.7001445
1005.4428456 658.0900515
1510.1434866 847.1053896
1245.9178569 469.0747134
1466.6006862 1149.9257742
1180.6036563 1213.2607566
785.7496254 911.4299811
1333.9930668 923.3052903
1005.4428456 708.5601156
1136.0712468 557.1499233
917.3676357 760.0197888
830.2820349 1138.050465
1158.8322561 1175.6556108
1312.2216666 1112.3206284
1444.829286 1213.2607566
1509.1538775 493.8149409
1377.5358672 493.8149409
1597.2290874 721.4250339
1246.907466 746.1652614
1400.2968765 809.5002438
1180.6036563 936.1702086
1137.0608559 1314.2008848
1290.4502664 444.3344859
1027.2142458 1327.0658031
1158.8322561 771.895098
1225.1360658 960.9104361
1027.2142458 1226.1256749
1531.9148868 658.0900515
829.2924258 911.4299811
785.7496254 961.9000452
1027.2142458 1125.1855467
1268.6788662 607.6199874
960.9104361 859.9703079
1509.1538775 519.5447775
1005.4428456 1112.3206284
1531.9148868 910.440372
1137.0608559 1087.5804009
960.9104361 683.8198881
1422.0682767 620.4849057
1443.8396769 380.9995035
983.6714454 923.3052903
1115.2894557 1149.9257742
1290.4502664 469.0747134
1070.7570462 747.1548705
1070.7570462 696.6848064
1071.7466553 1099.4557101
1225.1360658 1238.9905932
1422.0682767 1048.985646
939.1390359 721.4250339
1180.6036563 405.739731
1114.2998466 570.0148416
1137.0608559 658.0900515
1641.7614969 771.895098
1378.5254763 695.6951973
1619.9900967 1061.8505643
983.6714454 973.7753544
1005.4428456 734.2899522
1333.9930668 393.8644218
939.1390359 670.9549698
983.6714454 949.0351269
1158.8322561 696.6848064
1333.9930668 796.6353255
1245.9178569 519.5447775
1334.9826759 998.5155819
1246.907466 721.4250339
1355.764467 405.739731
939.1390359 771.895098
1070.7570462 973.7753544
960.9104361 709.5497247
1070.7570462 949.0351269
1378.5254763 1149.9257742
1137.0608559 1238.9905932
852.0534351 973.7753544
1465.6110771 620.4849057
1225.1360658 885.7001445
983.6714454 797.6249346
939.1390359 999.505191
983.6714454 1175.6556108
1443.8396769 557.1499233
1070.7570462 1024.2454185
917.3676357 1087.5804009
1115.2894557 797.6249346
1290.4502664 746.1652614
1377.5358672 620.4849057
1180.6036563 1188.5205291
1465.6110771 544.285005
1005.4428456 683.8198881
1378.5254763 847.1053896
1202.3750565 822.3651621
1356.7540761 986.6402727
1027.2142458 721.4250339
917.3676357 1213.2607566
1115.2894557 1074.7154826
1312.2216666 759.0301797
1027.2142458 1024.2454185
1356.7540761 1187.53092
1333.9930668 645.2251332
1531.9148868 935.1805995
1400.2968765 607.6199874
742.206825 936.1702086
1465.6110771 493.8149409
1048.985646 1011.3805002
1071.7466553 1125.1855467
1400.2968765 910.440372
1290.4502664 1149.9257742
852.0534351 999.505191
851.063826 595.7446782
1356.7540761 1011.3805002
1180.6036563 683.8198881
1093.5180555 1263.7308207
940.128645 1327.0658031
1246.907466 796.6353255
1465.6110771 469.0747134
873.8248353 1238.9905932
1290.4502664 1048.985646
1443.8396769 582.8797599
1115.2894557 1048.985646
742.206825 1238.9905932
873.8248353 1188.5205291
917.3676357 1238.9905932
1290.4502664 418.6046493
982.6818363 771.895098
940.128645 1352.7956397
852.0534351 1251.8555115
1355.764467 633.349824
1070.7570462 872.8352262
1158.8322561 1074.7154826
830.2820349 1087.5804009
917.3676357 784.7600163
917.3676357 608.6095965
1465.6110771 771.895098
1115.2894557 1301.3359665
1092.5284464 885.7001445
1202.3750565 948.0455178
873.8248353 784.7600163
852.0534351 1074.7154826
851.063826 620.4849057
895.5962355 721.4250339
1465.6110771 645.2251332
742.206825 1113.3102375
1246.907466 1200.3958383
1488.3720864 985.6506636
1027.2142458 670.9549698
1422.0682767 443.3448768
1422.0682767 872.8352262
873.8248353 960.9104361
873.8248353 1011.3805002
983.6714454 848.0949987
895.5962355 1150.9153833
1202.3750565 747.1548705
1093.5180555 1339.9307214
1377.5358672 443.3448768
1443.8396769 960.9104361
1092.5284464 859.9703079
961.9000452 1263.7308207
785.7496254 936.1702086
1246.907466 771.895098
1114.2998466 670.9549698
1224.1464567 835.2300804
1422.0682767 847.1053896
895.5962355 1074.7154826
851.063826 848.0949987
982.6818363 696.6848064
1377.5358672 392.8748127
939.1390359 797.6249346
1598.2186965 897.5754537
1180.6036563 910.440372
1356.7540761 835.2300804
1422.0682767 544.285005
1048.985646 885.7001445
1004.4532365 431.4695676
1334.9826759 1099.4557101
1333.9930668 872.8352262
917.3676357 1112.3206284
895.5962355 872.8352262
1225.1360658 986.6402727
873.8248353 1263.7308207
1400.2968765 859.9703079
1245.9178569 444.3344859
1312.2216666 633.349824
830.2820349 1213.2607566
1598.2186965 1024.2454185
1202.3750565 670.9549698
983.6714454 1201.3854474
1641.7614969 796.6353255
1092.5284464 784.7600163
1158.8322561 620.4849057
1203.3646656 1301.3359665
895.5962355 1352.7956397
1619.9900967 783.7704072
1048.985646 1238.9905932
1268.6788662 759.0301797
961.9000452 1011.3805002
983.6714454 1251.8555115
1180.6036563 1112.3206284
1137.0608559 1061.8505643
895.5962355 1226.1256749
1290.4502664 594.7550691
1268.6788662 1087.5804009
1027.2142458 1074.7154826
852.0534351 1327.0658031
1597.2290874 695.6951973
1443.8396769 481.9396317
1180.6036563 1037.1103368
1312.2216666 481.9396317
1005.4428456 1364.6709489
1224.1464567 683.8198881
1399.3072674 431.4695676
1027.2142458 1175.6556108
829.2924258 608.6095965
807.5210256 973.7753544
742.206825 986.6402727
983.6714454 1049.9752551
1597.2290874 872.8352262
895.5962355 1125.1855467
785.7496254 860.959917
1422.0682767 746.1652614
1027.2142458 1150.9153833
872.8352262 659.0796606
1466.6006862 1024.2454185
1180.6036563 986.6402727
1180.6036563 1162.7906925
1048.985646 734.2899522
1488.3720864 1036.1207277
1180.6036563 759.0301797
1576.4472963 1137.0608559
1027.2142458 1351.8060306
1180.6036563 835.2300804
1071.7466553 1175.6556108
1312.2216666 910.440372
1158.8322561 923.3052903
1224.1464567 708.5601156
1619.9900967 884.7105354
1092.5284464 633.349824
1027.2142458 1276.595739
1137.0608559 759.0301797
1158.8322561 747.1548705
1071.7466553 1250.8659024
917.3676357 859.9703079
1158.8322561 570.0148416
1400.2968765 1011.3805002
1443.8396769 405.739731
1355.764467 683.8198881
1267.6892571 456.2097951
807.5210256 696.6848064
1422.0682767 721.4250339
1158.8322561 1200.3958383
1092.5284464 607.6199874
742.206825 1188.5205291
1444.829286 1162.7906925
1356.7540761 1162.7906925
895.5962355 1251.8555115
1071.7466553 1149.9257742
1378.5254763 1125.1855467
1510.1434866 1099.4557101
982.6818363 620.4849057
1203.3646656 1048.985646
1115.2894557 848.0949987
1225.1360658 910.440372
872.8352262 633.349824
983.6714454 872.8352262
1092.5284464 708.5601156
1313.2112757 1187.53092
873.8248353 1314.2008848
960.9104361 835.2300804
1378.5254763 998.5155819
1225.1360658 1011.3805002
1027.2142458 545.2746141
1048.985646 1112.3206284
829.2924258 936.1702086
1093.5180555 1213.2607566
1290.4502664 1024.2454185
1333.9930668 948.0455178
1355.764467 658.0900515
1553.686287 822.3651621
1005.4428456 1087.5804009
1377.5358672 519.5447775
1115.2894557 822.3651621
1422.0682767 822.3651621
1180.6036563 708.5601156
1355.764467 607.6199874
1268.6788662 683.8198881
1509.1538775 469.0747134
1070.7570462 822.3651621
1048.985646 960.9104361
1027.2142458 898.5650628
1466.6006862 973.7753544
1246.907466 847.1053896
1202.3750565 1024.2454185
1137.0608559 633.349824
1465.6110771 923.3052903
1290.4502664 1074.7154826
1443.8396769 985.6506636
1488.3720864 834.2404713
1245.9178569 570.0148416
852.0534351 872.8352262
1180.6036563 885.7001445
1137.0608559 1037.1103368
939.1390359 696.6848064
939.1390359 646.2147423
1070.7570462 848.0949987
1048.985646 936.1702086
1400.2968765 633.349824
1378.5254763 948.0455178
1531.9148868 733.3003431
1048.985646 607.6199874
1422.0682767 796.6353255
1443.8396769 784.7600163
1400.2968765 759.0301797
983.6714454 1301.3359665
1202.3750565 444.3344859
852.0534351 1226.1256749
873.8248353 1339.9307214
1136.0712468 532.4096958
807.5210256 898.5650628
1246.907466 872.8352262
1115.2894557 1327.0658031
895.5962355 1276.595739
1334.9826759 1175.6556108
1005.4428456 1061.8505643
807.5210256 923.3052903
1290.4502664 847.1053896
1488.3720864 809.5002438
1268.6788662 936.1702086
1510.1434866 1200.3958383
1049.9752551 1289.4606573
1488.3720864 960.9104361
939.1390359 1049.9752551
1510.1434866 746.1652614
1619.9900967 809.5002438
1027.2142458 872.8352262
1048.985646 633.349824
873.8248353 860.959917
1268.6788662 960.9104361
1488.3720864 1061.8505643
1487.3824773 557.1499233
1378.5254763 1200.3958383
1465.6110771 872.8352262
1093.5180555 960.9104361
1399.3072674 405.739731
960.9104361 910.440372
873.8248353 936.1702086
960.9104361 936.1702086
1619.9900967 759.0301797
830.2820349 1238.9905932
1422.0682767 771.895098
1422.0682767 418.6046493
917.3676357 1138.050465
1246.907466 923.3052903
1224.1464567 607.6199874
917.3676357 1011.3805002
852.0534351 1024.2454185
1488.3720864 1086.5907918
1333.9930668 570.0148416
1443.8396769 759.0301797
1092.5284464 910.440372
1245.9178569 595.7446782
1290.4502664 822.3651621
1378.5254763 822.3651621
1203.3646656 1200.3958383
873.8248353 810.4898529
1158.8322561 948.0455178
1312.2216666 557.1499233
895.5962355 822.3651621
1005.4428456 986.6402727
1225.1360658 1112.3206284
852.0534351 1125.1855467
1510.1434866 721.4250339
829.2924258 734.2899522
1180.6036563 809.5002438
1443.8396769 658.0900515
1422.0682767 570.0148416
1048.985646 708.5601156
1553.686287 872.8352262
829.2924258 659.0796606
1510.1434866 872.8352262
852.0534351 1201.3854474
1048.985646 1087.5804009
852.0534351 923.3052903
1510.1434866 998.5155819
742.206825 961.9000452
917.3676357 910.440372
829.2924258 810.4898529
917.3676357 633.349824
1137.0608559 1213.2607566
1443.8396769 431.4695676
872.8352262 608.6095965
1400.2968765 1137.0608559
917.3676357 1263.7308207
1203.3646656 1226.1256749
1268.6788662 1011.3805002
1290.4502664 872.8352262
1400.2968765 1086.5907918
1531.9148868 783.7704072
1181.5932654 1263.7308207
1070.7570462 721.4250339
1202.3750565 469.0747134
1048.985646 1162.7906925
1004.4532365 582.8797599
829.2924258 986.6402727
807.5210256 771.895098
1443.8396769 607.6199874
1422.0682767 392.8748127
983.6714454 898.5650628
1422.0682767 670.9549698
1203.3646656 1149.9257742
1268.6788662 1213.2607566
1158.8322561 670.9549698
851.063826 570.0148416
1598.2186965 1124.1959376
807.5210256 999.505191
895.5962355 1201.3854474
1158.8322561 494.80455
873.8248353 1138.050465
1466.6006862 1099.4557101
1049.9752551 1314.2008848
1422.0682767 493.8149409
1400.2968765 683.8198881
1203.3646656 1175.6556108
1114.2998466 494.80455
1312.2216666 885.7001445
1355.764467 784.7600163
1422.0682767 519.5447775
1180.6036563 582.8797599
1225.1360658 1037.1103368
917.3676357 885.7001445
1246.907466 1301.3359665
1597.2290874 746.1652614
1071.7466553 1200.3958383
1048.985646 658.0900515
873.8248353 1213.2607566
1290.4502664 645.2251332
1027.2142458 1100.4453192
873.8248353 1037.1103368
873.8248353 1061.8505643
1598.2186965 1048.985646
940.128645 1251.8555115
1619.9900967 834.2404713
1619.9900967 985.6506636
895.5962355 797.6249346
1136.0712468 481.9396317
1180.6036563 1061.8505643
1071.7466553 1351.8060306
1092.5284464 683.8198881
1378.5254763 1024.2454185
1443.8396769 935.1805995
1202.3750565 923.3052903
1158.8322561 721.4250339
830.2820349 1263.7308207
1378.5254763 746.1652614
1092.5284464 506.6798592
785.7496254 885.7001445
785.7496254 835.2300804
851.063826 721.4250339
1224.1464567 759.0301797
1005.4428456 633.349824
829.2924258 961.9000452
1092.5284464 481.9396317
1005.4428456 784.7600163
1092.5284464 431.4695676
1049.9752551 1339.9307214
940.128645 1276.595739
1114.2998466 444.3344859
1356.7540761 859.9703079
1290.4502664 1099.4557101
1158.8322561 1149.9257742
1531.9148868 632.3602149
1422.0682767 998.5155819
1180.6036563 784.7600163
1487.3824773 607.6199874
1268.6788662 708.5601156
852.0534351 1049.9752551
1115.2894557 747.1548705
1333.9930668 469.0747134
1093.5180555 1162.7906925
1422.0682767 973.7753544
1576.4472963 1086.5907918
1005.4428456 1037.1103368
1027.2142458 646.2147423
1443.8396769 456.2097951
983.6714454 1125.1855467
807.5210256 721.4250339
1268.6788662 1188.5205291
1619.9900967 910.440372
1137.0608559 936.1702086
1027.2142458 973.7753544
1378.5254763 796.6353255
1290.4502664 897.5754537
1203.3646656 1327.0658031
1312.2216666 1137.0608559
982.6818363 570.0148416
1268.6788662 1138.050465
1005.4428456 936.1702086
917.3676357 1289.4606573
939.1390359 620.4849057
917.3676357 582.8797599
1466.6006862 998.5155819
1598.2186965 948.0455178
1597.2290874 822.3651621
1137.0608559 1289.4606573
960.9104361 759.0301797
1246.907466 973.7753544
895.5962355 747.1548705
1180.6036563 532.4096958
829.2924258 760.0197888
1465.6110771 519.5447775
830.2820349 1061.8505643
1488.3720864 935.1805995
1225.1360658 1188.5205291
917.3676357 1188.5205291
1114.2998466 595.7446782
1137.0608559 885.7001445
1312.2216666 1011.3805002
1510.1434866 771.895098
1225.1360658 1213.2607566
1181.5932654 1289.4606573
1443.8396769 683.8198881
1203.3646656 1351.8060306
1510.1434866 1125.1855467
1005.4428456 1138.050465
742.206825 1012.3701093
1312.2216666 431.4695676
1070.7570462 999.505191
1005.4428456 1238.9905932
1180.6036563 1087.5804009
939.1390359 1150.9153833
1005.4428456 1289.4606573
1005.4428456 885.7001445
1378.5254763 1074.7154826
1203.3646656 1276.595739
1224.1464567 784.7600163
1268.6788662 784.7600163
1180.6036563 1011.3805002
1355.764467 759.0301797
1158.8322561 1301.3359665
1312.2216666 1061.8505643
1510.1434866 948.0455178
1465.6110771 796.6353255
961.9000452 1112.3206284
1378.5254763 670.9549698
918.3572448 1339.9307214
1488.3720864 783.7704072
1246.907466 1074.7154826
1048.985646 1213.2607566
1202.3750565 721.4250339
1312.2216666 607.6199874
873.8248353 835.2300804
917.3676357 1162.7906925
1137.0608559 607.6199874
1268.6788662 633.349824
1114.2998466 721.4250339
1137.0608559 683.8198881
807.5210256 797.6249346
1224.1464567 633.349824
1115.2894557 923.3052903
1070.7570462 646.2147423
1355.764467 506.6798592
960.9104361 633.349824
1333.9930668 771.895098
1290.4502664 721.4250339
895.5962355 923.3052903
1268.6788662 506.6798592
1070.7570462 570.0148416
1224.1464567 859.9703079
830.2820349 1162.7906925
1224.1464567 809.5002438
1333.9930668 493.8149409
1180.6036563 607.6199874
939.1390359 898.5650628
1488.3720864 1137.0608559
1268.6788662 557.1499233
1400.2968765 960.9104361
1290.4502664 948.0455178
852.0534351 1175.6556108
1443.8396769 734.2899522
1487.3824773 582.8797599
1158.8322561 545.2746141
